194
citynum - 0;citynum - 1;citynum - 2;citynum - 3;citynum - 4;citynum - 5;citynum - 6;citynum - 7;citynum - 8;citynum - 9;citynum - 10;citynum - 11;citynum - 12;citynum - 13;citynum - 14;citynum - 15;citynum - 16;citynum - 17;citynum - 18;citynum - 19;citynum - 20;citynum - 21;citynum - 22;citynum - 23;citynum - 24;citynum - 25;citynum - 26;citynum - 27;citynum - 28;citynum - 29;citynum - 30;citynum - 31;citynum - 32;citynum - 33;citynum - 34;citynum - 35;citynum - 36;citynum - 37;citynum - 38;citynum - 39;citynum - 40;citynum - 41;citynum - 42;citynum - 43;citynum - 44;citynum - 45;citynum - 46;citynum - 47;citynum - 48;citynum - 49;citynum - 50;citynum - 51;citynum - 52;citynum - 53;citynum - 54;citynum - 55;citynum - 56;citynum - 57;citynum - 58;citynum - 59;citynum - 60;citynum - 61;citynum - 62;citynum - 63;citynum - 64;citynum - 65;citynum - 66;citynum - 67;citynum - 68;citynum - 69;citynum - 70;citynum - 71;citynum - 72;citynum - 73;citynum - 74;citynum - 75;citynum - 76;citynum - 77;citynum - 78;citynum - 79;citynum - 80;citynum - 81;citynum - 82;citynum - 83;citynum - 84;citynum - 85;citynum - 86;citynum - 87;citynum - 88;citynum - 89;citynum - 90;citynum - 91;citynum - 92;citynum - 93;citynum - 94;citynum - 95;citynum - 96;citynum - 97;citynum - 98;citynum - 99;citynum - 100;citynum - 101;citynum - 102;citynum - 103;citynum - 104;citynum - 105;citynum - 106;citynum - 107;citynum - 108;citynum - 109;citynum - 110;citynum - 111;citynum - 112;citynum - 113;citynum - 114;citynum - 115;citynum - 116;citynum - 117;citynum - 118;citynum - 119;citynum - 120;citynum - 121;citynum - 122;citynum - 123;citynum - 124;citynum - 125;citynum - 126;citynum - 127;citynum - 128;citynum - 129;citynum - 130;citynum - 131;citynum - 132;citynum - 133;citynum - 134;citynum - 135;citynum - 136;citynum - 137;citynum - 138;citynum - 139;citynum - 140;citynum - 141;citynum - 142;citynum - 143;citynum - 144;citynum - 145;citynum - 146;citynum - 147;citynum - 148;citynum - 149;citynum - 150;citynum - 151;citynum - 152;citynum - 153;citynum - 154;citynum - 155;citynum - 156;citynum - 157;citynum - 158;citynum - 159;citynum - 160;citynum - 161;citynum - 162;citynum - 163;citynum - 164;citynum - 165;citynum - 166;citynum - 167;citynum - 168;citynum - 169;citynum - 170;citynum - 171;citynum - 172;citynum - 173;citynum - 174;citynum - 175;citynum - 176;citynum - 177;citynum - 178;citynum - 179;citynum - 180;citynum - 181;citynum - 182;citynum - 183;citynum - 184;citynum - 185;citynum - 186;citynum - 187;citynum - 188;citynum - 189;citynum - 190;citynum - 191;citynum - 192;citynum - 193;
0;371;559;369;750;329;518;397;762;767;531;804;521;561;873;486;603;721;906;467;711;773;581;691;606;690;816;767;787;878;859;870;754;849;874;533;825;866;845;859;870;883;866;878;804;875;857;875;885;893;854;878;877;881;888;875;797;870;573;782;869;586;566;824;572;869;879;854;770;830;678;745;892;784;756;730;864;775;870;736;875;696;873;909;672;683;783;876;705;708;855;911;897;738;913;913;931;747;757;988;764;861;910;796;972;966;995;997;872;1041;827;1048;892;897;1070;1068;1084;1047;976;1147;1128;1036;1208;1218;990;993;988;1213;1173;1006;1152;1032;1209;1043;1197;1189;1082;1107;1119;1096;1154;1109;1257;1158;1118;1134;1199;1261;1140;1177;1235;1199;1194;1186;1264;1163;1211;1280;1279;1345;1223;1306;1231;1237;1296;1356;1327;1331;1283;1360;1377;1314;1325;1324;1334;1317;1365;1379;1335;1390;1383;1348;1367;1382;1428;1369;1388;1418;1418;1413;1427;1435;1459;1427;
371;0;195;150;412;305;279;336;458;463;363;509;402;404;568;428;419;487;609;609;485;523;467;490;476;491;555;530;541;604;591;599;531;589;607;562;576;604;590;599;609;618;607;615;571;615;603;615;622;628;603;618;618;621;626;619;573;616;579;572;622;590;644;601;713;629;636;623;584;617;582;587;653;612;609;610;655;624;671;642;676;660;685;702;782;794;675;702;731;749;708;734;735;771;745;749;757;822;776;788;777;752;778;809;804;806;821;822;803;852;847;861;829;859;891;897;918;906;908;970;962;939;1013;1023;971;971;986;1032;1021;1034;1016;1025;1049;1034;1048;1053;1060;1060;1066;1081;1071;1083;1110;1089;1106;1105;1102;1122;1117;1109;1122;1114;1122;1125;1143;1161;1146;1176;1183;1211;1200;1200;1206;1205;1210;1239;1230;1244;1256;1263;1272;1278;1275;1275;1275;1299;1292;1294;1294;1301;1309;1322;1318;1319;1328;1326;1341;1350;1358;1365;1365;1375;1377;1395;
559;195;0;232;228;399;235;397;299;303;342;353;403;377;400;459;367;383;445;703;387;400;453;410;449;412;420;416;420;455;448;453;429;452;463;611;447;463;456;461;469;475;469;474;454;475;469;476;480;484;471;479;479;481;485;482;464;481;613;473;492;622;705;489;795;503;507;503;500;510;557;522;526;534;547;566;548;559;569;610;573;660;589;592;843;856;630;613;755;780;636;642;651;796;656;663;665;864;793;676;790;699;709;819;711;718;722;724;770;744;858;752;795;838;787;797;819;823;867;863;862;879;893;902;953;951;977;919;925;1038;931;1010;949;1018;953;966;1036;1022;1024;1058;1013;1056;1014;1037;1084;1074;1034;1031;1089;1057;1044;1053;1067;1076;1061;1143;1094;1102;1112;1118;1169;1124;1174;1168;1144;1156;1157;1177;1221;1190;1194;1237;1227;1227;1221;1266;1231;1226;1250;1230;1247;1285;1269;1261;1251;1280;1293;1289;1301;1315;1307;1318;1309;1353;
369;150;232;0;384;172;160;190;393;399;221;437;254;261;504;278;284;376;539;481;370;421;320;364;331;365;460;422;437;518;501;511;416;495;516;416;475;511;492;505;515;526;512;523;462;521;505;521;530;537;504;524;523;527;533;523;460;519;430;452;521;441;502;487;580;524;533;514;456;499;435;451;548;480;471;466;537;487;550;496;555;510;560;584;641;654;530;573;581;601;572;607;603;622;615;618;629;676;627;669;627;609;640;659;675;675;693;695;656;730;697;738;681;709;767;770;790;771;762;846;835;796;894;905;821;821;836;909;890;884;881;875;921;884;916;919;911;912;919;931;927;934;978;943;956;956;960;989;968;963;983;971;977;979;1006;1011;1000;1036;1042;1077;1051;1061;1057;1056;1067;1102;1089;1102;1107;1123;1133;1130;1129;1129;1129;1150;1148;1152;1146;1159;1165;1173;1172;1173;1188;1179;1195;1205;1212;1219;1219;1229;1235;1247;
750;412;228;384;0;509;275;476;108;110;352;154;417;367;180;492;330;263;226;772;276;246;438;319;419;323;244;273;265;256;257;257;300;268;269;638;277;274;277;275;279;281;282;282;301;285;287;287;287;288;293;290;290;291;292;294;320;297;624;340;312;629;736;337;844;328;328;338;384;362;508;428;347;421;453;492;394;457;419;544;422;626;444;429;865;877;546;475;740;771;517;496;516;778;514;524;517;861;767;504;759;598;588;783;559;572;565;565;685;573;821;581;710;764;618;633;656;677;767;688;694;756;704;713;875;872;908;738;761;982;777;933;778;939;789;809;947;919;916;971;886;962;847;917;997;977;896;867;994;936;896;922;942;958;906;1057;972;955;969;952;1068;975;1071;1061;1005;998;1011;1035;1113;1042;1041;1123;1105;1106;1093;1161;1095;1083;1132;1084;1109;1174;1145;1129;1098;1158;1168;1152;1168;1189;1173;1184;1163;1235;
329;305;399;172;509;0;236;68;485;490;210;517;193;236;588;164;281;407;613;308;395;463;253;369;277;367;508;452;474;573;552;564;435;539;566;265;512;557;533;549;560;573;554;569;487;565;545;564;575;584;540;566;565;569;578;563;476;557;290;458;553;303;340;502;410;551;562;533;443;505;355;416;573;455;427;403;538;446;543;415;548;395;545;582;477;489;460;547;441;455;527;582;568;480;584;584;602;521;490;660;493;539;584;526;644;638;666;668;562;712;562;719;585;601;741;739;756;721;669;818;800;720;879;889;706;707;713;884;846;750;828;755;881;765;871;866;798;811;820;816;844;823;932;853;840;847;885;937;856;872;916;889;888;885;944;890;908;965;966;1022;940;990;947;949;986;1037;1015;1022;998;1048;1062;1025;1030;1030;1035;1038;1061;1071;1044;1081;1079;1064;1073;1082;1115;1078;1095;1116;1120;1120;1127;1136;1152;1142;
518;279;235;160;275;236;0;201;250;256;107;288;170;143;358;234;143;215;388;502;210;261;218;211;216;212;300;261;276;360;342;353;257;335;357;386;314;351;332;345;355;367;352;363;301;361;345;361;370;378;343;364;363;367;374;362;300;358;383;295;360;391;483;328;583;364;372;353;305;341;325;310;388;333;333;341;379;347;394;381;399;425;406;426;619;631;406;422;521;547;430;455;456;562;465;470;478;632;558;512;554;481;501;584;525;527;541;543;542;575;623;583;568;607;613;618;639;627;643;692;683;666;737;748;721;720;744;754;741;803;737;778;770;786;768;774;807;798;802;829;799;828;831;819;854;848;827;843;861;839;844;842;851;857;865;912;877;900;907;931;943;923;948;944;936;961;954;970;996;987;995;1015;1008;1009;1005;1041;1020;1020;1029;1025;1037;1061;1051;1048;1051;1060;1075;1078;1087;1098;1094;1104;1103;1132;
397;336;397;190;476;68;201;0;440;445;150;467;125;171;538;101;219;347;560;307;334;405;184;305;209;303;450;392;414;516;494;507;372;480;508;226;452;498;473;490;501;514;495;509;424;505;484;504;516;524;479;506;505;509;518;503;413;496;243;393;491;254;313;437;398;488;499;470;376;440;288;348;509;387;359;335;472;378;476;349;481;337;477;515;452;465;392;479;395;412;459;513;500;435;516;516;533;486;442;592;443;472;516;476;575;569;598;600;499;643;513;651;523;542;673;670;687;653;606;750;732;655;811;821;649;650;660;815;778;701;760;700;813;710;803;798;741;751;759;759;780;766;864;790;784;789;820;869;799;810;850;825;825;823;877;836;846;899;901;955;883;924;890;891;922;971;949;957;941;982;996;966;970;969;973;981;998;1007;984;1016;1016;1007;1012;1020;1050;1018;1035;1054;1058;1060;1065;1075;1089;1083;
762;458;299;393;108;485;250;440;0;5;298;54;357;302;112;435;257;164;151;718;178;139;363;226;340;229;136;167;156;157;154;156;195;163;167;571;169;170;170;170;175;179;178;179;192;181;181;183;185;188;186;186;186;188;190;190;212;192;551;234;206;554;667;228;780;221;222;229;280;253;418;327;241;316;352;394;285;354;310;448;313;537;335;321;790;801;445;366;655;687;410;387;408;691;405;415;408;777;677;398;668;493;480;691;451;463;456;457;582;467;727;474;607;662;511;525;548;568;661;583;587;648;603;612;772;769;806;634;654;882;669;830;672;835;682;701;842;812;809;866;777;856;740;809;892;871;787;760;888;827;787;813;833;850;798;951;863;847;861;846;961;867;963;953;896;890;902;926;1005;934;933;1015;996;997;985;1053;986;974;1023;975;1000;1065;1036;1020;990;1049;1060;1044;1059;1080;1064;1075;1055;1126;
767;463;303;399;110;490;256;445;5;0;303;49;362;306;106;439;261;166;145;722;181;138;367;228;343;232;134;167;156;153;150;152;196;160;163;575;167;167;167;167;172;175;175;176;191;178;178;180;181;184;183;183;183;184;186;187;211;189;555;234;203;558;671;227;784;218;219;227;281;252;420;328;238;316;353;396;284;355;309;449;312;539;334;319;793;804;446;366;658;690;410;386;407;694;404;414;407;780;680;395;671;493;479;693;449;461;454;455;583;464;729;472;607;663;509;523;546;566;661;580;585;647;600;609;773;769;807;631;651;883;667;830;670;836;679;699;842;811;809;866;776;857;738;808;892;871;786;758;888;826;785;812;832;849;796;952;862;845;859;843;961;865;963;953;895;888;900;925;1005;932;930;1014;995;996;983;1053;985;973;1022;973;999;1065;1035;1018;988;1048;1059;1042;1057;1079;1062;1074;1053;1125;
531;363;342;221;352;210;107;150;298;303;0;320;66;41;390;140;72;197;410;421;185;254;112;160;113;159;299;242;263;365;343;356;225;330;357;288;302;347;323;339;350;364;344;359;276;355;334;354;365;374;330;356;355;359;368;353;267;347;280;251;343;286;386;293;492;341;352;324;243;299;222;231;363;263;250;247;333;267;342;281;347;317;348;379;519;531;312;356;414;441;351;391;384;455;397;400;413;527;451;461;447;389;418;477;458;456;478;479;443;518;516;526;468;504;552;553;573;550;546;631;617;576;684;695;618;617;638;695;671;696;661;674;702;682;697;698;704;700;705;726;708;726;759;726;752;747;740;769;760;746;762;752;759;762;785;808;783;815;821;856;842;840;848;845;847;881;868;882;897;902;912;917;913;913;912;941;929;932;932;939;946;962;956;956;967;964;979;987;995;1003;1002;1012;1015;1034;
804;509;353;437;154;517;288;467;54;49;320;0;374;317;71;451;268;155;102;732;171;112;370;220;344;223;94;142;125;104;103;103;174;114;115;579;127;120;124;120;125;127;128;128;158;131;133;133;133;135;139;136;136;137;138;140;180;143;556;207;158;557;674;192;788;175;174;187;256;217;410;309;193;291;333;379;245;332;271;433;273;528;297;277;791;802;424;330;649;682;379;348;371;683;366;377;368;772;667;350;657;465;446;678;408;422;412;413;558;419;713;427;581;639;464;479;502;526;630;533;540;612;552;560;746;742;782;584;607;861;624;804;624;809;635;655;812;778;775;837;739;826;692;772;862;839;746;713;857;790;743;774;795;813;753;922;825;803;818;798;928;822;929;919;854;844;858;884;970;889;887;978;957;958;945;1018;944;931;985;931;958;1029;997;979;944;1011;1020;1001;1017;1040;1022;1034;1011;1088;
521;402;403;254;417;193;170;125;357;362;66;374;0;57;443;77;107;236;459;360;222;295;66;185;85;183;340;277;301;407;383;397;254;368;396;222;337;385;359;377;388;402;381;396;306;391;370;390;402;411;364;392;391;395;404;388;292;381;214;271;374;221;320;316;427;369;381;349;251;317;181;223;389;262;236;219;348;255;351;242;356;261;352;391;452;465;280;354;351;377;337;389;376;392;392;392;409;462;390;467;387;360;398;418;452;447;474;475;402;519;457;526;427;456;549;547;565;534;508;626;609;546;686;696;569;568;586;692;658;640;643;623;692;632;683;680;658;658;665;678;675;681;744;690;704;702;711;752;714;710;738;720;724;725;763;759;746;789;793;838;797;814;803;802;816;858;841;852;853;874;886;876;875;875;875;896;896;902;892;909;913;919;918;920;941;925;941;953;959;965;966;976;984;993;
561;404;377;261;367;236;143;171;302;306;41;317;57;0;386;134;50;180;401;416;166;238;77;133;73;132;284;222;245;350;327;341;201;312;340;271;282;330;304;321;332;346;326;341;253;336;315;335;347;356;309;337;336;340;349;333;241;326;257;222;321;263;369;266;479;317;328;298;209;269;183;192;338;226;210;206;302;227;309;240;314;283;313;347;498;510;271;319;384;412;312;354;346;425;360;361;375;500;419;427;414;348;378;443;420;417;440;442;402;482;482;490;428;464;515;516;534;511;506;593;579;535;649;660;579;578;601;658;631;661;621;635;664;643;658;658;665;659;664;687;667;687;719;685;712;707;699;729;720;705;721;711;718;721;744;770;742;774;780;816;802;799;808;805;806;840;828;841;857;861;871;877;872;872;871;901;888;891;892;898;905;922;915;915;926;923;938;946;954;962;961;971;974;994;
873;568;400;504;180;588;358;538;112;106;390;71;443;386;0;520;337;216;45;800;232;164;435;280;408;284;130;193;171;97;111;103;226;131;115;644;157;126;144;132;130;124;137;128;196;134;147;137;130;127;156;139;139;138;135;145;220;151;619;250;170;619;737;223;853;189;183;208;301;248;465;357;200;333;379;429;267;376;293;482;295;583;321;290;851;861;468;355;704;737;411;367;395;737;386;398;384;827;720;351;709;500;472;727;420;436;420;420;595;417;761;424;617;677;461;479;502;536;660;525;537;632;533;541;781;777;819;570;604;900;627;837;617;842;631;656;842;803;797;866;754;853;686;789;891;865;755;709;883;806;747;786;810;830;753;951;840;807;823;791;951;825;951;939;861;841;862;889;990;891;887;995;971;972;956;1038;952;935;1000;934;964;1046;1009;987;943;1024;1032;1008;1026;1051;1030;1041;1013;1101;
486;428;459;278;492;164;234;101;435;439;140;451;77;134;520;0;183;310;534;282;295;369;104;255;134;253;414;349;373;480;456;470;324;440;469;152;408;457;431;448;459;473;452;468;375;463;440;461;474;483;434;463;462;466;475;458;359;451;155;335;443;165;249;381;352;436;448;414;307;378;191;269;455;311;275;244;406;294;406;251;410;236;402;446;385;398;296;399;304;325;370;432;415;345;432;431;451;405;348;517;348;375;423;380;490;482;513;516;398;562;419;569;422;441;588;584;600;560;505;663;643;555;728;739;549;549;561;729;686;606;666;600;722;610;710;703;640;649;658;659;679;665;770;689;684;688;720;775;698;709;752;724;724;721;780;737;744;800;801;859;782;825;789;790;821;873;850;857;840;883;897;865;868;868;872;880;897;906;883;916;915;906;911;919;950;917;934;953;956;958;964;973;988;982;
603;419;367;284;330;281;143;219;257;261;72;268;107;50;337;183;0;130;352;463;116;188;107;87;89;86;234;173;195;300;277;291;153;262;290;314;233;280;255;271;283;296;276;291;205;287;265;286;298;306;260;288;287;291;299;284;194;277;295;178;272;299;410;220;522;269;280;252;173;226;191;168;291;195;190;199;261;205;270;242;275;302;277;307;535;547;264;288;412;442;289;322;318;451;330;333;344;531;442;389;436;338;359;463;390;390;409;411;402;447;501;455;428;470;483;485;505;487;502;561;550;523;613;624;585;583;610;626;605;675;598;642;636;650;632;635;668;657;660;691;656;688;694;677;716;707;684;705;722;696;703;699;708;714;724;775;734;758;765;793;803;782;807;803;793;820;812;827;855;845;853;873;866;866;862;900;877;877;887;883;894;919;908;905;909;918;932;935;944;955;951;961;960;990;
721;487;383;376;263;407;215;347;164;166;197;155;236;180;216;310;130;0;225;587;16;58;220;65;192;68;104;46;66;170;147;160;46;133;160;428;105;150;126;142;153;167;147;161;85;157;137;157;168;177;133;159;158;162;170;156;86;150;402;90;148;403;521;113;636;149;159;137;124;130;255;164;173;160;190;230;169;194;188;283;192;375;206;215;636;647;282;230;494;527;260;259;269;529;273;280;282;617;515;301;505;336;333;527;328;335;341;342;422;367;563;375;446;500;408;416;438;440;506;485;481;504;525;535;611;608;644;545;543;719;548;669;569;675;571;583;684;659;659;708;636;701;632;664;734;716;654;648;733;683;662;675;691;704;678;794;720;720;731;736;809;742;812;804;764;773;775;796;856;808;811;868;853;854;845;903;852;845;879;848;867;918;895;883;868;907;919;910;923;940;929;940;927;982;
906;609;445;539;226;613;388;560;151;145;410;102;459;401;45;534;352;225;0;812;241;168;445;286;416;289;126;193;170;72;93;81;225;115;91;652;146;105;128;112;107;97;115;102;186;109;127;112;102;97;137;113;114;111;106;120;210;127;624;241;146;624;743;208;859;165;157;187;292;231;464;350;171;321;370;423;245;364;270;475;270;579;297;261;851;862;456;332;700;734;391;340;370;732;360;371;356;823;713;315;701;481;449;718;389;406;386;386;578;379;750;386;599;660;424;442;465;503;636;485;498;603;490;497;760;756;800;527;566;883;591;816;577;820;592;618;817;776;769;842;722;828;646;758;867;838;721;670;857;775;711;753;778;799;715;926;809;770;787;750;923;787;923;910;826;802;825;853;960;854;848;963;938;940;922;1008;916;898;968;896;929;1015;976;952;904;991;999;972;990;1016;994;1006;975;1069;
467;609;703;481;772;308;502;307;718;722;421;732;360;416;800;282;463;587;812;0;571;644;367;526;396;523;688;621;645;752;729;743;592;710;739;170;677;727;700;718;728;742;720;736;641;731;708;729;742;751;700;730;729;733;742;724;621;717;211;593;706;218;124;639;109;696;708;672;554;630;386;502;711;545;496;446;649;513;641;419;645;326;629;680;205;216;467;614;275;264;564;642;614;296;635;629;654;283;322;734;334;526;589;361;682;667;708;710;492;763;383;768;505;487;776;764;774;713;582;840;812;661;916;926;557;561;545;904;836;548;801;590;876;601;855;835;645;684;699;655;755;673;907;747;674;698;809;902;701;764;854;797;784;768;888;712;794;889;882;976;780;914;789;799;889;971;928;924;840;959;981;875;894;893;908;870;946;969;898;983;964;903;933;957;1026;933;953;995;990;978;999;1005;1042;983;
711;485;387;370;276;395;210;334;178;181;185;171;222;166;232;295;116;16;241;571;0;73;204;48;176;52;118;57;79;184;161;175;46;146;174;412;117;163;138;155;166;180;160;175;93;170;149;169;181;190;145;171;170;174;183;168;89;162;386;87;158;387;504;117;620;157;168;144;115;131;240;151;181;150;177;216;170;183;187;269;191;359;203;216;619;630;270;226;478;511;252;255;264;514;269;276;278;601;499;302;490;325;325;512;325;331;339;340;410;367;548;375;434;487;407;415;436;436;495;485;480;496;527;537;599;596;631;546;541;705;544;657;567;663;569;579;673;649;649;697;629;690;631;656;723;706;647;646;722;675;657;668;684;696;674;783;712;715;725;734;799;737;802;794;757;769;770;790;847;803;807;859;845;846;838;894;845;839;870;843;861;909;887;876;864;899;911;903;916;932;922;933;922;974;
773;523;400;421;246;463;261;405;139;138;254;112;295;238;164;369;188;58;168;644;73;0;277;118;248;121;45;29;20;111;89;102;62;76;102;483;53;93;71;85;97;110;92;105;56;102;84;101;112;120;82;104;103;107;115;102;73;97;456;95;100;456;575;92;691;106;113;103;144;116;301;196;130;179;220;267;151;219;175;321;178;419;198;193;686;697;312;228;540;573;271;251;270;573;268;278;273;663;556;276;546;355;341;566;317;328;326;327;446;344;601;352;470;527;387;399;422;434;522;463;463;510;495;504;635;631;670;519;528;748;537;693;549;698;556;571;703;672;670;728;640;718;616;670;753;732;652;634;749;689;655;677;696;711;668;813;725;714;727;721;822;735;824;814;761;761;769;792;866;801;802;876;858;859;847;914;851;841;885;842;865;927;899;884;859;912;922;908;923;943;928;939;922;988;
581;467;453;320;438;253;218;184;363;367;112;370;66;77;435;104;107;220;445;367;204;277;0;159;30;156;321;254;278;386;362;376;226;344;373;209;311;360;334;352;362;376;355;370;276;365;342;363;376;385;335;365;364;368;377;360;258;352;188;232;342;191;304;279;418;335;347;312;203;275;115;166;352;207;175;153;301;194;301;176;306;206;298;341;428;439;214;297;308;336;274;331;316;348;332;332;350;425;342;413;337;293;333;366;391;385;414;416;336;461;405;468;361;393;489;486;503;469;442;565;547;479;628;638;507;506;527;631;594;585;577;562;629;571;619;615;595;593;599;616;609;617;680;623;641;638;645;687;651;643;671;653;657;659;697;698;680;722;726;773;733;747;739;737;749;791;774;785;789;807;819;811;809;809;809;832;829;835;826;843;847;854;852;854;874;859;875;886;892;899;900;909;917;928;
691;490;410;364;319;369;211;305;226;228;160;220;185;133;280;255;87;65;286;526;48;118;159;0;130;3;162;95;119;226;202;216;68;185;214;365;153;202;175;193;204;218;197;212;121;207;185;206;218;227;179;207;206;211;219;203;107;196;338;90;188;339;457;133;573;183;195;165;94;138;191;114;204;125;140;172;174;149;185;224;190;311;195;221;571;581;229;211;430;462;226;244;246;465;254;260;267;553;451;304;442;291;299;465;314;316;330;332;370;365;502;373;396;446;402;407;428;418;461;481;472;468;530;540;559;557;590;544;530;662;528;617;559;624;558;565;636;616;617;660;602;654;620;627;686;671;624;633;687;646;638;643;656;666;657;745;683;695;704;721;765;718;768;761;734;752;750;767;814;783;788;828;817;817;810;860;821;817;840;822;837;877;859;851;845;870;882;879;890;904;896;907;900;944;
606;476;449;331;419;277;216;209;340;343;113;344;85;73;408;134;89;192;416;396;176;248;30;130;0;127;292;225;249;356;332;346;196;314;343;236;281;330;304;322;332;346;324;340;246;335;312;333;346;355;305;335;334;338;347;329;228;322;211;202;312;214;329;248;444;304;316;282;173;244;109;139;322;179;150;135;271;169;272;167;277;214;270;312;449;461;199;270;322;352;251;304;291;361;307;307;324;442;353;385;347;278;313;374;366;361;388;390;329;434;413;442;354;391;464;462;479;449;432;541;523;465;601;612;505;504;527;606;572;589;558;561;606;570;597;595;591;586;591;613;596;613;659;613;639;633;630;666;646;633;654;640;646;649;679;696;670;706;711;753;728;731;734;731;736;774;759;771;783;792;803;803;799;800;799;827;817;821;818;828;834;848;842;843;858;850;866;874;882;889;889;899;904;920;
690;491;412;365;323;367;212;303;229;232;159;223;183;132;284;253;86;68;289;523;52;121;156;3;127;0;165;98;122;229;205;219;71;188;217;362;156;205;178;196;206;221;199;215;123;210;187;208;221;230;181;210;209;213;222;205;109;198;334;91;190;335;453;134;569;185;197;166;93;139;188;111;206;123;137;168;174;146;185;220;190;307;195;221;567;578;226;210;426;459;224;243;245;462;253;258;266;549;448;304;439;288;297;461;312;315;329;331;367;365;498;373;393;443;402;406;427;417;458;480;471;466;529;540;556;553;586;544;529;659;527;614;558;621;556;563;633;613;614;657;600;651;618;624;682;668;622;631;684;644;636;641;654;664;655;742;681;693;702;720;762;716;765;759;732;751;748;765;811;781;786;826;814;815;808;857;818;815;838;820;835;874;856;848;843;867;880;877;888;902;894;905;898;941;
816;555;420;460;244;508;300;450;136;134;299;94;340;284;130;414;234;104;126;688;118;45;321;162;292;165;0;67;43;66;43;56;99;35;58;526;33;50;36;44;55;66;52;62;66;60;49;61;70;77;51;64;63;66;73;64;90;62;498;120;72;497;616;98;733;85;87;93;171;123;338;227;106;203;249;300;151;246;176;352;179;454;203;184;725;736;338;236;576;609;286;253;277;608;272;282;273;699;590;262;579;373;352;597;315;328;320;321;468;331;631;339;490;549;375;389;412;432;537;448;451;517;473;482;655;651;692;501;518;772;532;712;537;717;545;564;719;684;680;744;644;732;604;677;769;745;652;624;763;695;651;679;700;718;662;829;730;710;725;710;833;730;835;824;761;754;766;790;875;797;796;883;863;864;850;923;851;838;890;839;865;934;903;885;853;916;926;908;924;945;929;940;918;993;
767;530;416;422;273;452;261;392;167;167;242;142;277;222;193;349;173;46;193;621;57;29;254;95;225;98;67;0;24;131;107;121;33;90;119;459;60;107;81;99;110;124;103;118;40;113;92;112;124;133;87;114;113;117;126;110;49;104;430;67;101;430;549;73;666;102;112;93;114;95;272;166;126;149;190;238;132;190;154;291;158;390;175;176;659;669;282;204;511;544;244;229;245;544;245;254;251;634;527;261;516;326;314;536;296;305;307;308;417;328;571;337;440;497;370;380;403;411;494;447;445;484;483;493;606;602;641;506;509;719;517;663;532;669;537;551;675;645;643;699;614;689;598;644;725;704;628;615;721;663;633;652;670;685;647;784;699;692;704;702;795;713;797;787;738;741;747;769;840;779;781;850;833;834;823;887;827;818;859;820;842;900;874;860;838;886;897;885;899;918;904;915;900;962;
787;541;420;437;265;474;276;414;156;156;263;125;301;245;171;373;195;66;170;645;79;20;278;119;249;122;43;24;0;107;83;97;55;67;95;483;38;84;59;75;87;100;80;95;36;91;71;90;102;110;67;92;91;95;104;89;55;83;454;81;83;454;573;73;689;88;96;83;131;97;295;186;112;165;208;258;131;207;155;311;159;411;179;173;682;692;299;210;533;566;255;232;251;566;249;259;254;656;548;256;537;339;323;556;298;308;306;307;432;324;590;332;455;513;367;379;402;414;506;443;443;492;475;485;620;617;656;500;508;735;518;678;529;683;536;551;687;655;652;712;621;701;596;652;737;715;633;614;732;671;635;658;677;693;648;797;707;694;707;701;805;715;807;797;742;741;750;773;849;782;782;858;840;841;829;897;831;821;867;823;846;909;880;865;839;893;904;889;904;924;909;920;902;970;
878;604;455;518;256;573;360;516;157;153;365;104;407;350;97;480;300;170;72;752;184;111;386;226;356;229;66;131;107;0;24;10;161;44;19;590;77;32;56;40;34;27;42;31;117;37;55;40;33;32;64;42;42;41;38;49;140;55;559;171;74;559;678;136;795;93;87;115;221;158;395;280;103;249;299;352;173;293;198;404;199;509;226;193;783;793;384;260;630;664;319;270;299;661;290;302;287;753;641;255;629;408;377;646;323;339;323;323;505;322;678;330;526;587;367;384;407;439;565;434;443;535;448;457;688;684;727;482;510;810;531;744;525;748;538;561;747;706;701;771;656;758;594;692;796;769;658;616;787;709;652;689;713;733;659;855;743;711;727;699;854;729;855;842;765;748;766;793;893;796;792;897;874;875;859;941;855;839;903;838;868;949;912;891;849;927;935;912;929;954;933;945;918;1004;
859;591;448;501;257;552;342;494;154;150;343;103;383;327;111;456;277;147;93;729;161;89;362;202;332;205;43;107;83;24;0;14;137;21;15;566;53;17;34;20;22;26;26;25;93;28;36;30;31;36;45;33;33;34;36;37;117;41;535;148;59;535;654;115;771;78;74;97;198;138;372;257;92;227;276;329;156;271;182;381;183;486;209;180;760;770;362;244;607;641;300;256;283;638;275;287;274;730;619;249;607;389;361;624;312;327;313;314;486;317;656;324;507;568;362;377;401;429;548;431;438;521;449;458;670;666;709;481;505;791;524;726;521;731;532;554;730;691;686;755;644;742;590;679;780;753;648;611;771;697;643;678;701;720;652;839;731;703;719;695;840;722;840;828;756;742;758;784;879;789;786;885;862;864;848;928;846;831;891;831;859;937;901;881;843;916;924;903;920;943;924;936;910;993;
870;599;453;511;257;564;353;507;156;152;356;103;397;341;103;470;291;160;81;743;175;102;376;216;346;219;56;121;97;10;14;0;151;34;12;580;67;24;47;31;27;24;34;26;107;31;46;34;30;31;55;36;36;36;35;42;130;48;549;161;67;549;668;127;785;86;80;106;211;149;385;270;97;240;289;342;165;283;191;394;192;499;218;187;774;784;375;253;621;654;311;264;292;651;283;295;281;743;632;252;620;400;370;636;317;333;318;318;497;319;669;327;518;579;364;381;404;434;557;432;440;528;448;456;680;676;719;481;507;802;527;736;523;741;535;557;739;700;694;764;651;750;591;686;789;762;654;613;780;703;648;683;707;727;655;848;738;707;723;697;847;726;848;836;761;745;762;789;887;792;789;892;868;870;854;935;851;835;898;835;864;944;907;886;846;922;930;907;925;949;929;940;914;999;
754;531;429;416;300;435;257;372;195;196;225;174;254;201;226;324;153;46;225;592;46;62;226;68;196;71;99;33;55;161;137;151;0;118;147;429;85;134;107;125;136;150;128;144;52;139;116;137;150;159;110;139;138;142;151;134;43;127;399;44;119;398;518;71;634;116;127;99;84;85;239;134;138;120;158;205;123;159;142;258;146;357;160;170;626;636;251;185;478;511;218;213;224;511;227;235;236;601;494;256;484;298;290;503;282;289;294;296;387;321;538;329;411;467;362;370;392;394;467;440;435;461;481;491;576;573;611;500;497;688;502;634;522;640;525;537;647;619;618;671;593;662;586;621;697;677;609;602;694;640;616;631;648;662;632;757;677;674;686;690;769;696;771;763;719;727;730;751;815;762;765;826;810;811;801;862;807;800;836;803;822;876;852;839;822;864;875;865;879;896;884;895;882;939;
849;589;452;495;268;539;335;480;163;160;330;114;368;312;131;440;262;133;115;710;146;76;344;185;314;188;35;90;67;44;21;34;118;0;29;547;33;17;13;9;20;34;17;29;72;26;18;26;36;44;25;29;28;31;39;29;96;29;516;127;43;515;634;93;751;60;59;77;177;117;351;235;78;206;255;308;136;249;162;360;164;464;190;163;739;749;341;224;586;620;280;237;264;617;257;268;256;709;597;236;586;368;341;602;295;310;298;298;465;304;635;312;486;547;349;364;387;412;528;420;425;503;442;451;649;645;688;472;492;770;509;706;510;710;520;540;710;672;667;735;627;722;578;661;760;734;632;598;752;679;629;661;683;702;638;819;714;688;703;683;821;707;822;810;740;729;744;769;861;774;772;867;845;847;832;909;830;816;874;816;844;919;885;865;829;899;908;887;904;927;908;920;896;976;
874;607;463;516;269;566;357;508;167;163;357;115;396;340;115;469;290;160;91;739;174;102;373;214;343;217;58;119;95;19;15;12;147;29;0;576;62;13;40;22;15;12;23;13;100;18;36;21;18;21;46;23;24;23;23;30;123;36;545;155;55;543;663;118;780;74;68;96;204;139;379;262;84;231;281;335;154;274;179;386;180;492;207;174;767;777;365;241;613;647;300;252;280;643;271;283;269;735;623;239;611;389;358;628;305;321;306;306;486;307;660;314;507;568;352;368;391;422;546;419;427;516;436;445;669;665;708;469;495;791;515;725;510;729;522;545;728;688;682;752;638;739;579;674;777;750;641;601;768;691;635;671;695;715;642;836;725;694;710;684;835;713;836;824;748;732;750;776;874;780;776;879;856;857;841;923;838;823;885;822;851;931;895;873;833;909;918;895;912;936;916;928;901;987;
533;562;611;416;638;265;386;226;571;575;288;579;222;271;644;152;314;428;652;170;412;483;209;365;236;362;526;459;483;590;566;580;429;547;576;0;514;563;536;554;564;578;556;572;476;566;543;564;577;586;535;565;564;568;577;559;455;551;45;426;539;56;98;471;209;528;540;504;385;461;216;332;543;375;326;276;479;343;471;252;475;172;459;510;233;245;301;444;178;190;397;473;446;216;467;461;486;259;229;565;234;366;427;267;516;502;541;544;349;596;301;601;367;364;611;601;612;556;449;679;652;519;752;763;457;459;458;743;682;487;650;501;721;511;702;686;549;573;586;564;627;576;757;627;587;600;676;756;607;645;717;671;663;653;748;634;678;757;754;834;690;783;699;704;767;836;801;802;750;833;853;780;791;791;801;786;832;849;801;861;851;816;833;849;901;836;854;885;885;880;893;901;928;894;
825;576;447;475;277;512;314;452;169;167;302;127;337;282;157;408;233;105;146;677;117;53;311;153;281;156;33;60;38;77;53;67;85;33;62;514;0;49;22;40;50;64;43;59;40;54;32;52;65;74;29;54;53;57;66;51;64;45;483;95;46;482;601;66;718;55;60;60;145;91;318;203;78;175;224;276;117;219;143;328;146;432;170;152;706;716;311;203;554;587;255;220;244;585;238;249;240;676;566;231;554;342;319;572;282;295;287;288;438;300;605;308;460;520;344;357;380;399;505;417;420;484;445;455;624;620;662;472;486;743;499;681;506;686;514;532;687;651;647;712;611;700;573;644;737;712;619;592;730;662;618;646;667;685;629;797;697;677;692;678;801;697;802;791;728;721;733;757;842;764;764;850;829;831;817;890;817;805;857;806;832;901;869;851;821;883;893;875;890;912;895;907;886;960;
866;604;463;511;274;557;351;498;170;167;347;120;385;330;126;457;280;150;105;727;163;93;360;202;330;205;50;107;84;32;17;24;134;17;13;563;49;0;27;9;5;16;10;12;87;11;22;13;19;26;32;16;16;17;22;20;110;25;531;141;43;530;650;104;767;62;57;82;190;126;365;249;75;217;267;321;141;260;167;372;168;478;194;164;753;763;352;229;599;633;287;240;268;630;259;271;258;721;610;231;598;376;346;614;295;310;296;296;473;299;646;307;494;555;344;360;383;412;533;413;420;505;433;441;656;652;695;464;488;778;506;712;504;717;515;537;715;676;670;740;628;727;572;663;765;738;631;594;756;680;626;661;684;704;635;824;715;686;702;678;824;705;825;812;739;725;741;767;863;772;769;869;846;847;832;912;829;814;875;814;842;920;885;864;825;899;908;886;903;927;907;919;893;976;
845;590;456;492;277;533;332;473;170;167;323;124;359;304;144;431;255;126;128;700;138;71;334;175;304;178;36;81;59;56;34;47;107;13;40;536;22;27;0;18;28;42;21;36;60;31;13;30;43;51;16;33;32;36;44;30;83;26;504;114;36;503;623;80;740;50;52;65;164;104;339;223;71;193;242;295;124;236;150;347;152;452;178;153;727;737;328;212;574;607;267;226;252;604;245;256;245;696;585;227;573;356;329;589;285;299;288;289;452;296;622;304;473;534;341;355;379;402;516;413;417;491;437;446;637;632;675;465;484;757;500;693;502;698;512;531;698;660;656;722;616;710;570;650;747;722;622;590;740;668;619;650;672;691;629;807;703;679;694;675;809;698;810;798;730;720;734;759;850;765;763;856;834;836;821;898;820;807;863;807;834;908;874;855;820;888;897;877;894;916;898;910;887;965;
859;599;461;505;275;549;345;490;170;167;339;120;377;321;132;448;271;142;112;718;155;85;352;193;322;196;44;99;75;40;20;31;125;9;22;554;40;9;18;0;11;25;8;19;78;16;15;16;26;34;24;19;18;22;29;20;101;22;522;132;39;521;641;96;758;57;54;76;181;118;356;240;72;209;259;312;135;252;161;364;162;469;188;160;745;754;344;223;591;624;280;235;263;621;254;266;253;713;601;230;589;369;340;606;291;306;293;294;466;298;638;306;487;548;343;358;382;408;527;413;419;500;434;443;650;645;688;464;486;771;504;706;503;710;514;535;709;670;665;734;624;721;571;658;759;732;628;592;751;676;624;657;680;700;633;818;711;683;699;677;819;702;820;808;736;723;739;765;859;769;767;864;842;843;828;907;826;812;871;811;839;916;881;861;824;895;904;883;899;923;904;915;891;972;
870;609;469;515;279;560;355;501;175;172;350;125;388;332;130;459;283;153;107;728;166;97;362;204;332;206;55;110;87;34;22;27;136;20;15;564;50;5;28;11;0;14;8;8;88;6;21;8;15;23;31;11;11;12;18;15;110;21;532;141;40;531;651;103;768;58;53;80;189;124;365;248;70;216;266;320;138;259;164;371;165;477;191;160;753;763;350;226;599;632;284;236;265;629;256;268;254;721;609;227;597;374;343;612;291;306;292;292;471;295;644;302;491;553;339;355;379;408;530;408;416;501;428;436;654;649;693;459;483;776;502;710;499;714;510;532;712;672;667;737;624;723;568;659;761;734;627;589;753;676;622;657;680;700;630;821;711;681;697;673;820;700;821;809;734;720;737;763;860;767;764;865;842;843;827;908;825;810;871;809;838;917;881;860;821;895;904;881;898;922;903;914;889;972;
883;618;475;526;281;573;367;514;179;175;364;127;402;346;124;473;296;167;97;742;180;110;376;218;346;221;66;124;100;27;26;24;150;34;12;578;64;16;42;25;14;0;22;6;102;12;35;15;6;10;43;15;16;14;11;23;123;30;546;154;49;545;664;115;781;67;60;90;203;135;379;261;75;228;279;333;147;272;172;384;173;490;200;165;767;777;362;234;612;645;294;243;273;641;263;275;260;734;621;228;609;383;351;624;295;312;295;295;481;295;656;303;501;563;340;357;380;412;538;408;416;507;424;433;663;658;702;457;484;786;504;718;499;722;511;534;720;679;673;745;629;731;567;664;769;741;631;589;760;681;624;661;685;705;631;829;716;684;700;673;827;702;827;815;737;721;739;765;865;769;765;870;846;847;831;914;828;812;875;811;841;922;885;863;822;899;908;884;901;926;906;917;890;977;
866;607;469;512;282;554;352;495;178;175;344;128;381;326;137;452;276;147;115;720;160;92;355;197;324;199;52;103;80;42;26;34;128;17;23;556;43;10;21;8;8;22;0;16;80;10;13;9;21;30;22;12;11;15;23;12;101;14;524;132;33;523;642;94;759;51;47;72;181;116;357;240;65;208;258;312;130;251;156;363;157;469;184;153;745;755;342;218;590;624;276;229;258;620;249;260;247;712;600;222;588;365;335;604;285;300;286;287;462;290;636;298;483;545;335;351;374;402;523;405;411;494;426;435;646;641;685;456;479;767;497;702;495;706;506;527;705;665;660;729;618;716;564;652;754;727;621;585;745;670;617;651;674;693;625;813;704;676;692;669;813;695;814;802;729;715;732;758;853;762;759;858;836;837;821;901;819;804;864;804;832;910;875;854;816;889;898;876;893;916;897;909;884;966;
878;615;474;523;282;569;363;509;179;176;359;128;396;341;128;468;291;161;102;736;175;105;370;212;340;215;62;118;95;31;25;26;144;29;13;572;59;12;36;19;8;6;16;0;96;6;29;9;7;15;37;10;11;9;11;17;117;25;540;148;44;539;658;109;775;62;55;85;196;130;373;255;71;222;273;327;142;266;167;378;168;484;195;161;761;770;356;229;606;639;288;239;268;635;258;270;256;728;615;226;603;378;346;618;292;308;292;292;475;293;650;301;496;557;338;354;378;408;534;406;414;503;424;432;657;653;697;456;481;780;501;713;497;717;509;531;715;675;669;740;625;726;566;660;765;737;627;587;755;678;621;657;681;701;629;824;712;681;697;671;822;699;823;811;734;718;736;763;861;766;763;866;843;844;828;910;825;809;872;808;838;918;881;860;820;896;904;881;898;923;903;914;888;973;
804;571;454;462;301;487;301;424;192;191;276;158;306;253;196;375;205;85;186;641;93;56;276;121;246;123;66;40;36;117;93;107;52;72;100;476;40;87;60;78;88;102;80;96;0;90;67;88;101;110;59;89;88;92;101;83;24;76;444;55;67;443;563;36;680;64;75;52;105;61;278;163;87;137;184;236;95;180;119;288;122;392;143;137;666;676;272;174;514;547;221;195;215;545;213;222;217;636;526;221;514;307;288;532;261;272;270;271;401;289;565;297;424;483;332;343;366;378;472;408;407;456;443;453;589;585;625;466;472;705;481;646;494;651;500;515;654;621;617;678;585;667;560;616;704;681;596;578;698;635;598;621;641;657;611;763;670;657;671;665;770;678;772;762;705;705;713;736;813;745;746;822;803;805;792;861;795;785;830;786;809;873;844;828;803;857;867;853;867;887;872;884;866;933;
875;615;475;521;285;565;361;505;181;178;355;131;391;336;134;463;287;157;109;731;170;102;365;207;335;210;60;113;91;37;28;31;139;26;18;566;54;11;31;16;6;12;10;6;90;0;23;2;11;20;31;5;5;6;13;11;111;18;534;142;37;532;652;102;769;55;49;78;190;123;366;249;66;216;266;321;135;259;161;371;162;478;188;155;754;764;349;223;599;633;282;233;262;629;252;264;250;721;608;221;596;371;340;612;286;302;287;287;469;289;643;297;489;551;334;350;373;403;527;403;410;497;421;430;651;646;690;453;477;774;497;707;493;711;505;527;709;669;663;734;620;720;562;655;758;731;622;583;749;672;617;652;676;696;625;818;706;676;692;667;817;695;817;805;729;714;731;758;856;762;759;860;837;838;823;904;820;804;866;804;833;912;876;855;815;890;899;876;893;918;898;909;883;968;
857;603;469;505;287;545;345;484;181;178;334;133;370;315;147;440;265;137;127;708;149;84;342;185;312;187;49;92;71;55;36;46;116;18;36;543;32;22;13;15;21;35;13;29;67;23;0;21;34;43;9;22;21;25;34;18;88;13;511;119;25;509;629;81;746;42;41;60;168;103;343;226;60;194;245;298;120;238;146;349;147;455;173;145;732;741;329;207;577;611;264;220;247;607;239;251;238;699;587;217;575;354;325;591;277;292;279;280;450;286;623;294;471;532;331;345;369;394;512;402;407;485;425;434;634;630;673;454;474;755;491;690;491;695;501;522;694;655;650;719;609;705;559;643;743;717;614;580;735;661;610;643;665;685;619;803;696;670;685;665;804;689;804;793;722;710;725;751;844;756;754;849;827;829;814;892;812;798;856;798;826;901;867;847;811;881;890;869;885;909;890;901;877;958;
875;615;476;521;287;564;361;504;183;180;354;133;390;335;137;461;286;157;112;729;169;101;363;206;333;208;61;112;90;40;30;34;137;26;21;564;52;13;30;16;8;15;9;9;88;2;21;0;13;22;29;3;3;5;13;8;109;15;532;140;34;530;650;100;767;53;46;75;187;120;364;246;63;213;264;318;133;256;158;369;159;475;185;153;752;762;347;220;597;630;279;230;259;626;250;261;247;718;606;219;594;369;337;609;283;299;284;285;466;287;641;294;486;548;332;348;371;400;524;400;408;495;420;428;648;644;688;451;475;771;494;704;491;708;503;524;706;666;660;731;617;717;560;652;755;728;620;581;746;669;614;650;673;693;622;815;704;674;690;665;814;692;814;802;727;712;729;755;853;759;756;858;834;836;820;901;817;802;864;801;830;910;873;852;813;888;896;874;891;915;895;907;881;965;
